value5 <- 9999
